1654452118236 0.6441645622253418 0
1654452119182 0.7304899096488953 1
1654452119944 0.7307865023612976 2
1654452120693 0.7307865023612976 3
1654452121489 0.7307963371276855 4
1654452122280 0.7308061122894287 5
1654452123060 0.7308191061019897 6
1654452123828 0.7310407757759094 7
1654452124624 0.7427529692649841 8
1654452125481 0.7682194113731384 9
1654452126292 0.7771400213241577 10
1654452127085 0.7881613373756409 11
1654452127887 0.7995150089263916 12
1654452128695 0.8063008189201355 13
1654452129513 0.8194260001182556 14
1654452130330 0.8291712403297424 15
1654452131144 0.8393010497093201 16
1654452131952 0.8410089612007141 17
1654452132758 0.8484189510345459 18
1654452133564 0.8458473682403564 19
1654452134365 0.8527798652648926 20
1654452135152 0.8565378189086914 21
1654452135911 0.8553090691566467 22
1654452136621 0.859213650226593 23
1654452137367 0.8651635050773621 24
1654452138114 0.8634719252586365 25
1654452138876 0.8688350915908813 26
1654452139587 0.8696661591529846 27
1654452140352 0.8712371587753296 28
1654452141107 0.8741835355758667 29
1654452141846 0.8714489936828613 30
1654452142613 0.8751760125160217 31
1654452143367 0.8731764554977417 32
1654452144127 0.8776693344116211 33
1654452144888 0.8756844401359558 34
1654452145624 0.871809184551239 35
1654452146384 0.873508870601654 36
1654452147147 0.8831009268760681 37
1654452147916 0.8814159035682678 38
1654452148664 0.884163498878479 39
1654452149441 0.8841145634651184 40
1654452150210 0.8846132755279541 41
1654452151003 0.8844128251075745 42
1654452151766 0.885111927986145 43
1654452152528 0.8886694312095642 44
1654452153264 0.8877975940704346 45
1654452154011 0.8908466100692749 46
1654452154797 0.8899112343788147 47
1654452155553 0.8886091113090515 48
1654452156324 0.8906624913215637 49
1654452157099 0.8934247493743896 50
1654452157843 0.8938794136047363 51
1654452158623 0.8909215927124023 52
1654452159418 0.8946583867073059 53
1654452160182 0.897743284702301 54
1654452160939 0.8965960144996643 55
1654452161685 0.8995342254638672 56
1654452162471 0.9020618200302124 57
1654452163267 0.8989068269729614 58
1654452164052 0.8976292014122009 59
1654452164845 0.9017016887664795 60
1654452165611 0.9006423950195312 61
1654452166413 0.9027234315872192 62
1654452167191 0.8996841907501221 63
1654452167959 0.9009194374084473 64
1654452168705 0.9040060043334961 65
1654452169479 0.9029467105865479 66
1654452170213 0.9021155834197998 67
1654452170978 0.9020977020263672 68
1654452171798 0.9023714661598206 69
1654452172580 0.904944658279419 70
1654452173408 0.9064488410949707 71
1654452174227 0.9044411182403564 72
1654452175027 0.9068578481674194 73
1654452175823 0.905868649482727 74
1654452176594 0.9069067239761353 75
1654452177412 0.9058621525764465 76
1654452178215 0.9086732864379883 77
1654452179007 0.9095891118049622 78
1654452179828 0.9125436544418335 79
1654452180667 0.9117060303688049 80
1654452181450 0.9078274965286255 81
1654452182254 0.9059550166130066 82
1654452183024 0.9113002419471741 83
1654452183813 0.9134334325790405 84
1654452184607 0.9123285412788391 85
1654452185414 0.9094196557998657 86
1654452186196 0.9115088582038879 87
1654452186966 0.9142580628395081 88
1654452187695 0.9157019257545471 89
1654452188428 0.9117190837860107 90
1654452189183 0.9110378623008728 91
1654452189939 0.9167595505714417 92
1654452190703 0.9172060489654541 93
1654452191488 0.9149457812309265 94
1654452192276 0.9166894555091858 95
1654452193045 0.9164760112762451 96
1654452193849 0.9135524034500122 97
1654452194670 0.9166128635406494 98
1654452195477 0.9157312512397766 99
1654452196245 0.9211530685424805 100
1654452196997 0.9122829437255859 101
1654452197779 0.9128924012184143 102
1654452198537 0.9167937636375427 103
1654452199280 0.9188373684883118 104
1654452200050 0.9166845679283142 105
1654452200807 0.9175450205802917 106
1654452201565 0.9197352528572083 107
1654452202326 0.9129706621170044 108
1654452203093 0.9171767234802246 109
1654452203844 0.9224127531051636 110
1654452204603 0.9231591820716858 111
1654452205367 0.9244824051856995 112
1654452206124 0.9231966137886047 113
1654452206869 0.9170382022857666 114
1654452207639 0.91669762134552 115
1654452208420 0.9228283166885376 116
1654452209151 0.9266188740730286 117
1654452209930 0.9225838780403137 118
1654452210703 0.9229423999786377 119
1654452211451 0.9234655499458313 120
1654452212213 0.9218326210975647 121
1654452212984 0.9238631725311279 122
1654452213743 0.9267182946205139 123
1654452214500 0.9222465753555298 124
1654452215266 0.9224274754524231 125
1654452215999 0.922049343585968 126
1654452216763 0.9240472912788391 127
1654452217519 0.9249240756034851 128
1654452218284 0.9251896739006042 129
1654452219052 0.9198151230812073 130
1654452219839 0.918685793876648 131
1654452220619 0.9239218235015869 132
1654452221384 0.9268796443939209 133
1654452222183 0.9198591113090515 134
1654452222968 0.9235095381736755 135
1654452223745 0.9246307015419006 136
1654452224524 0.9263173937797546 137
1654452225287 0.9283658862113953 138
1654452226057 0.9272609353065491 139
1654452226828 0.922533392906189 140
1654452227584 0.930877149105072 141
1654452228347 0.9301339983940125 142
1654452229101 0.9224029779434204 143
1654452229887 0.9248051047325134 144
1654452230655 0.9271224737167358 145
1654452231431 0.9299514889717102 146
1654452232166 0.9240228533744812 147
1654452232876 0.9283756613731384 148
1654452233605 0.9246470332145691 149
1654452234373 0.9243879318237305 150
1654452235103 0.931410014629364 151
1654452235877 0.9246030449867249 152
1654452236637 0.9299629330635071 153
1654452237428 0.9305805563926697 154
1654452238175 0.9283039569854736 155
1654452238959 0.9303866028785706 156
1654452239745 0.9314361214637756 157
1654452240505 0.9301486611366272 158
1654452241225 0.9333932995796204 159
1654452241948 0.929987370967865 160
1654452242705 0.9315567016601562 161
1654452243448 0.9332711100578308 162
1654452244212 0.9299221634864807 163
1654452244997 0.9321303367614746 164
1654452265902 0.9198591113090515 165
