1654452118236 0.518846869468689 0
1654452119182 0.6201104521751404 1
1654452119944 0.6767235398292542 2
1654452120693 0.7190081477165222 3
1654452121489 0.7392185926437378 4
1654452122280 0.7650853395462036 5
1654452123060 0.7767471671104431 6
1654452123828 0.7826906442642212 7
1654452124624 0.7961243391036987 8
1654452125481 0.8091483116149902 9
1654452126292 0.8141920566558838 10
1654452127085 0.8355750441551208 11
1654452127887 0.8327205181121826 12
1654452128695 0.8492410778999329 13
1654452129513 0.855413019657135 14
1654452130330 0.8625584244728088 15
1654452131144 0.8732205629348755 16
1654452131952 0.8730911016464233 17
1654452132758 0.8840141892433167 18
1654452133564 0.8787304162979126 19
1654452134365 0.8877896070480347 20
1654452135152 0.8917378783226013 21
1654452135911 0.8945533633232117 22
1654452136621 0.8966211080551147 23
1654452137367 0.8993431925773621 24
1654452138114 0.9041358828544617 25
1654452138876 0.907477855682373 26
1654452139587 0.9100606441497803 27
1654452140352 0.9097965955734253 28
1654452141107 0.9129302501678467 29
1654452141846 0.9137933850288391 30
1654452142613 0.9160333275794983 31
1654452143367 0.9152037501335144 32
1654452144127 0.9195904731750488 33
1654452144888 0.9202756285667419 34
1654452145624 0.9125927090644836 35
1654452146384 0.9163938760757446 36
1654452147147 0.9262152314186096 37
1654452147916 0.9255010485649109 38
1654452148664 0.9263567924499512 39
1654452149441 0.9255099296569824 40
1654452150210 0.9260871410369873 41
1654452151003 0.9261481165885925 42
1654452151766 0.9307801723480225 43
1654452152528 0.9349472522735596 44
1654452153264 0.9308165907859802 45
1654452154011 0.9370318055152893 46
1654452154797 0.9384329915046692 47
1654452155553 0.9354240298271179 48
1654452156324 0.9388463497161865 49
1654452157099 0.9400824904441833 50
1654452157843 0.9413661360740662 51
1654452158623 0.9385253190994263 52
1654452159418 0.9397587776184082 53
1654452160182 0.9445187449455261 54
1654452160939 0.9432322978973389 55
1654452161685 0.944652795791626 56
1654452162471 0.94749915599823 57
1654452163267 0.945277988910675 58
1654452164052 0.9448779821395874 59
1654452164845 0.9505531787872314 60
1654452165611 0.9468570351600647 61
1654452166413 0.9488438963890076 62
1654452167191 0.9456958174705505 63
1654452167959 0.9486070871353149 64
1654452168705 0.9503993391990662 65
1654452169479 0.9512335658073425 66
1654452170213 0.9511280655860901 67
1654452170978 0.9477551579475403 68
1654452171798 0.950847864151001 69
1654452172580 0.9519440531730652 70
1654452173408 0.9538121223449707 71
1654452174227 0.9496936798095703 72
1654452175027 0.9531295299530029 73
1654452175823 0.9542043209075928 74
1654452176594 0.9553123712539673 75
1654452177412 0.9542407393455505 76
1654452178215 0.95403653383255 77
1654452179007 0.9545561075210571 78
1654452179828 0.9603245258331299 79
1654452180667 0.9570936560630798 80
1654452181450 0.9563807249069214 81
1654452182254 0.9516203999519348 82
1654452183024 0.9549627304077148 83
1654452183813 0.9601415395736694 84
1654452184607 0.9583843946456909 85
1654452185414 0.9570006728172302 86
1654452186196 0.9585077166557312 87
1654452186966 0.9594336748123169 88
1654452187695 0.960515022277832 89
1654452188428 0.9599368572235107 90
1654452189183 0.9573043584823608 91
1654452189939 0.9621555209159851 92
1654452190703 0.9618507623672485 93
1654452191488 0.9615275859832764 94
1654452192276 0.9623919725418091 95
1654452193045 0.9601758718490601 96
1654452193849 0.9584676623344421 97
1654452194670 0.9623125791549683 98
1654452195477 0.9628381133079529 99
1654452196245 0.9660546779632568 100
1654452196997 0.9600368738174438 101
1654452197779 0.9591436982154846 102
1654452198537 0.962019681930542 103
1654452199280 0.9629663228988647 104
1654452200050 0.9645897150039673 105
1654452200807 0.9634235501289368 106
1654452201565 0.9652464985847473 107
1654452202326 0.9601958394050598 108
1654452203093 0.9645182490348816 109
1654452203844 0.9680742621421814 110
1654452204603 0.9697661995887756 111
1654452205367 0.9693211317062378 112
1654452206124 0.9679145216941833 113
1654452206869 0.9629953503608704 114
1654452207639 0.9632052779197693 115
1654452208420 0.9671834707260132 116
1654452209151 0.9689291715621948 117
1654452209930 0.9676097631454468 118
1654452210703 0.9678710699081421 119
1654452211451 0.9694463610649109 120
1654452212213 0.9684249758720398 121
1654452212984 0.9676704406738281 122
1654452213743 0.9683723449707031 123
1654452214500 0.9669767618179321 124
1654452215266 0.9670974612236023 125
1654452215999 0.9662688374519348 126
1654452216763 0.9690330028533936 127
1654452217519 0.9694506525993347 128
1654452218284 0.9678357243537903 129
1654452219052 0.9657002091407776 130
1654452219839 0.9655758142471313 131
1654452220619 0.9693612456321716 132
1654452221384 0.9702672362327576 133
1654452222183 0.9655645489692688 134
1654452222968 0.9697650074958801 135
1654452223745 0.9703682661056519 136
1654452224524 0.9698087573051453 137
1654452225287 0.9719715118408203 138
1654452226057 0.9723593592643738 139
1654452226828 0.969397783279419 140
1654452227584 0.9729447960853577 141
1654452228347 0.9730448722839355 142
1654452229101 0.9682800769805908 143
1654452229887 0.9700568318367004 144
1654452230655 0.971462607383728 145
1654452231431 0.9728968739509583 146
1654452232166 0.9689347743988037 147
1654452232876 0.971503734588623 148
1654452233605 0.9709378480911255 149
1654452234373 0.9705650806427002 150
1654452235103 0.9741227626800537 151
1654452235877 0.9681196212768555 152
1654452236637 0.9735888838768005 153
1654452237428 0.974801778793335 154
1654452238175 0.9725266695022583 155
1654452238959 0.9736430048942566 156
1654452239745 0.9745216965675354 157
1654452240505 0.9732293486595154 158
1654452241225 0.9744490385055542 159
1654452241948 0.973680853843689 160
1654452242705 0.9751323461532593 161
1654452243448 0.975241482257843 162
1654452244212 0.9737226366996765 163
1654452244997 0.975825846195221 164
1654452265902 0.9655645489692688 165
