1654452118236 137089.0 0
1654452119182 165112.0 1
1654452119944 165195.0 2
1654452120693 165198.0 3
1654452121489 165185.0 4
1654452122280 165174.0 5
1654452123060 165092.0 6
1654452123828 164776.0 7
1654452124624 155113.0 8
1654452125481 131582.0 9
1654452126292 125162.0 10
1654452127085 114883.0 11
1654452127887 98048.0 12
1654452128695 95033.0 13
1654452129513 76409.0 14
1654452130330 75342.0 15
1654452131144 67683.0 16
1654452131952 73341.0 17
1654452132758 68799.0 18
1654452133564 67767.0 19
1654452134365 67011.0 20
1654452135152 64218.0 21
1654452135911 65654.0 22
1654452136621 63756.0 23
1654452137367 60912.0 24
1654452138114 64461.0 25
1654452138876 58805.0 26
1654452139587 58222.0 27
1654452140352 61038.0 28
1654452141107 57059.0 29
1654452141846 58916.0 30
1654452142613 56475.0 31
1654452143367 56889.0 32
1654452144127 55905.0 33
1654452144888 54276.0 34
1654452145624 56942.0 35
1654452146384 59288.0 36
1654452147147 52675.0 37
1654452147916 53003.0 38
1654452148664 51072.0 39
1654452149441 50773.0 40
1654452150210 50617.0 41
1654452151003 52521.0 42
1654452151766 48981.0 43
1654452152528 48383.0 44
1654452153264 49298.0 45
1654452154011 47191.0 46
1654452154797 49602.0 47
1654452155553 48984.0 48
1654452156324 47260.0 49
1654452157099 45970.0 50
1654452157843 48335.0 51
1654452158623 48690.0 52
1654452159418 45352.0 53
1654452160182 44598.0 54
1654452160939 46746.0 55
1654452161685 42878.0 56
1654452162471 43507.0 57
1654452163267 45290.0 58
1654452164052 44064.0 59
1654452164845 41216.0 60
1654452165611 42905.0 61
1654452166413 42866.0 62
1654452167191 42561.0 63
1654452167959 44355.0 64
1654452168705 41999.0 65
1654452169479 41686.0 66
1654452170213 41174.0 67
1654452170978 41819.0 68
1654452171798 41879.0 69
1654452172580 40438.0 70
1654452173408 39140.0 71
1654452174227 41025.0 72
1654452175027 39527.0 73
1654452175823 39014.0 74
1654452176594 38327.0 75
1654452177412 39854.0 76
1654452178215 37519.0 77
1654452179007 38249.0 78
1654452179828 35784.0 79
1654452180667 38142.0 80
1654452181450 37739.0 81
1654452182254 38813.0 82
1654452183024 38133.0 83
1654452183813 37266.0 84
1654452184607 36506.0 85
1654452185414 35050.0 86
1654452186196 37650.0 87
1654452186966 36171.0 88
1654452187695 34529.0 89
1654452188428 36878.0 90
1654452189183 36258.0 91
1654452189939 33710.0 92
1654452190703 34821.0 93
1654452191488 35078.0 94
1654452192276 33092.0 95
1654452193045 35174.0 96
1654452193849 36738.0 97
1654452194670 34570.0 98
1654452195477 33608.0 99
1654452196245 33039.0 100
1654452196997 35229.0 101
1654452197779 33987.0 102
1654452198537 35062.0 103
1654452199280 33224.0 104
1654452200050 32637.0 105
1654452200807 34293.0 106
1654452201565 32074.0 107
1654452202326 35537.0 108
1654452203093 33243.0 109
1654452203844 32033.0 110
1654452204603 32118.0 111
1654452205367 30218.0 112
1654452206124 30444.0 113
1654452206869 35137.0 114
1654452207639 34422.0 115
1654452208420 31111.0 116
1654452209151 29809.0 117
1654452209930 32140.0 118
1654452210703 30787.0 119
1654452211451 31093.0 120
1654452212213 31169.0 121
1654452212984 30371.0 122
1654452213743 29664.0 123
1654452214500 31356.0 124
1654452215266 30707.0 125
1654452215999 32313.0 126
1654452216763 30815.0 127
1654452217519 30619.0 128
1654452218284 30287.0 129
1654452219052 33607.0 130
1654452219839 31678.0 131
1654452220619 30104.0 132
1654452221384 29333.0 133
1654452222183 33036.0 134
1654452222968 30727.0 135
1654452223745 30490.0 136
1654452224524 28140.0 137
1654452225287 28428.0 138
1654452226057 29686.0 139
1654452226828 29679.0 140
1654452227584 27481.0 141
1654452228347 28824.0 142
1654452229101 30127.0 143
1654452229887 29836.0 144
1654452230655 29466.0 145
1654452231431 28542.0 146
1654452232166 31345.0 147
1654452232876 27969.0 148
1654452233605 29751.0 149
1654452234373 30537.0 150
1654452235103 26468.0 151
1654452235877 29273.0 152
1654452236637 29327.0 153
1654452237428 27002.0 154
1654452238175 28762.0 155
1654452238959 25790.0 156
1654452239745 27594.0 157
1654452240505 29117.0 158
1654452241225 26463.0 159
1654452241948 28721.0 160
1654452242705 26948.0 161
1654452243448 26503.0 162
1654452244212 27775.0 163
1654452244997 26600.0 164
1654452265902 33036.0 165
