1654452118236 81263.0 0
1654452119182 268.0 1
1654452119944 3.0 2
1654452120693 0.0 3
1654452121489 7.0 4
1654452122280 12.0 5
1654452123060 86.0 6
1654452123828 266.0 7
1654452124624 2742.0 8
1654452125481 10646.0 9
1654452126292 11592.0 10
1654452127085 15108.0 11
1654452127887 24976.0 12
1654452128695 23827.0 13
1654452129513 34397.0 14
1654452130330 29484.0 15
1654452131144 30927.0 16
1654452131952 24221.0 17
1654452132758 24216.0 18
1654452133564 26826.0 19
1654452134365 23328.0 20
1654452135152 23815.0 21
1654452135911 23133.0 22
1654452136621 22635.0 23
1654452137367 21828.0 24
1654452138114 19317.0 25
1654452138876 21682.0 26
1654452139587 21755.0 27
1654452140352 17975.0 28
1654452141107 20146.0 29
1654452141846 19967.0 30
1654452142613 20121.0 31
1654452143367 20934.0 32
1654452144127 19161.0 33
1654452144888 22008.0 34
1654452145624 21720.0 35
1654452146384 18331.0 36
1654452147147 19058.0 37
1654452147916 19764.0 38
1654452148664 20009.0 39
1654452149441 20338.0 40
1654452150210 20188.0 41
1654452151003 18407.0 42
1654452151766 21518.0 43
1654452152528 19933.0 44
1654452153264 19553.0 45
1654452154011 19789.0 46
1654452154797 17952.0 47
1654452155553 19369.0 48
1654452156324 19833.0 49
1654452157099 19428.0 50
1654452157843 16784.0 51
1654452158623 18244.0 52
1654452159418 19289.0 53
1654452160182 18150.0 54
1654452160939 16706.0 55
1654452161685 18771.0 56
1654452162471 16591.0 57
1654452163267 16744.0 58
1654452164052 18754.0 59
1654452164845 19103.0 60
1654452165611 18064.0 61
1654452166413 16826.0 62
1654452167191 18996.0 63
1654452167959 16444.0 64
1654452168705 16906.0 65
1654452169479 17869.0 66
1654452170213 18891.0 67
1654452170978 18257.0 68
1654452171798 18029.0 69
1654452172580 17891.0 70
1654452173408 18266.0 71
1654452174227 17613.0 72
1654452175027 17628.0 73
1654452175823 18748.0 74
1654452176594 18798.0 75
1654452177412 17912.0 76
1654452178215 18522.0 77
1654452179007 17230.0 78
1654452179828 17882.0 79
1654452180667 16038.0 80
1654452181450 18821.0 81
1654452182254 18896.0 82
1654452183024 16296.0 83
1654452183813 15854.0 84
1654452184607 17292.0 85
1654452185414 20533.0 86
1654452186196 16651.0 87
1654452186966 16443.0 88
1654452187695 17199.0 89
1654452188428 17294.0 90
1654452189183 18332.0 91
1654452189939 17369.0 92
1654452190703 15984.0 93
1654452191488 17114.0 94
1654452192276 18030.0 95
1654452193045 16079.0 96
1654452193849 16309.0 97
1654452194670 16599.0 98
1654452195477 18102.0 99
1654452196245 15344.0 100
1654452196997 18597.0 101
1654452197779 19465.0 102
1654452198537 15996.0 103
1654452199280 16580.0 104
1654452200050 18488.0 105
1654452200807 16304.0 106
1654452201565 17179.0 107
1654452202326 17867.0 108
1654452203093 17580.0 109
1654452203844 15577.0 110
1654452204603 15034.0 111
1654452205367 16122.0 112
1654452206124 16685.0 113
1654452206869 15771.0 114
1654452207639 16695.0 115
1654452208420 16244.0 116
1654452209151 15220.0 117
1654452209930 15365.0 118
1654452210703 16498.0 119
1654452211451 15871.0 120
1654452212213 16797.0 121
1654452212984 16349.0 122
1654452213743 15304.0 123
1654452214500 16356.0 124
1654452215266 16894.0 125
1654452215999 15520.0 126
1654452216763 15792.0 127
1654452217519 15450.0 128
1654452218284 15619.0 129
1654452219052 15597.0 130
1654452219839 18219.0 131
1654452220619 16580.0 132
1654452221384 15536.0 133
1654452222183 16141.0 134
1654452222968 16210.0 135
1654452223745 15759.0 136
1654452224524 17074.0 137
1654452225287 15529.0 138
1654452226057 14949.0 139
1654452226828 17857.0 140
1654452227584 14935.0 141
1654452228347 14048.0 142
1654452229101 17489.0 143
1654452229887 16306.0 144
1654452230655 15254.0 145
1654452231431 14442.0 146
1654452232166 15277.0 147
1654452232876 15982.0 148
1654452233605 16488.0 149
1654452234373 15861.0 150
1654452235103 15621.0 151
1654452235877 16993.0 152
1654452236637 13650.0 153
1654452237428 15596.0 154
1654452238175 15233.0 155
1654452238959 16927.0 156
1654452239745 14479.0 157
1654452240505 13746.0 158
1654452241225 14409.0 159
1654452241948 14241.0 160
1654452242705 15051.0 161
1654452243448 14444.0 162
1654452244212 15227.0 163
1654452244997 15047.0 164
1654452265902 16141.0 165
