1654452118236 0.16541261970996857 0
1654452119182 0.14448073506355286 1
1654452119944 0.13993506133556366 2
1654452120693 0.13580237329006195 3
1654452121489 0.13273169100284576 4
1654452122280 0.12923385202884674 5
1654452123060 0.12705878913402557 6
1654452123828 0.12556113302707672 7
1654452124624 0.1232612356543541 8
1654452125481 0.12066810578107834 9
1654452126292 0.11991171538829803 10
1654452127085 0.11504541337490082 11
1654452127887 0.11587759852409363 12
1654452128695 0.11148651689291 13
1654452129513 0.1071685403585434 14
1654452130330 0.10369192808866501 15
1654452131144 0.09947586804628372 16
1654452131952 0.09889043867588043 17
1654452132758 0.09519324451684952 18
1654452133564 0.09727511554956436 19
1654452134365 0.09340508282184601 20
1654452135152 0.09139861911535263 21
1654452135911 0.09093917906284332 22
1654452136621 0.08974340558052063 23
1654452137367 0.0875597670674324 24
1654452138114 0.0866198018193245 25
1654452138876 0.08485729992389679 26
1654452139587 0.08327299356460571 27
1654452140352 0.08327677845954895 28
1654452141107 0.08178111910820007 29
1654452141846 0.08235020935535431 30
1654452142613 0.08066755533218384 31
1654452143367 0.08139614760875702 32
1654452144127 0.07925448566675186 33
1654452144888 0.07943457365036011 34
1654452145624 0.08233710378408432 35
1654452146384 0.08032932877540588 36
1654452147147 0.07600183039903641 37
1654452147916 0.07644721120595932 38
1654452148664 0.07570171356201172 39
1654452149441 0.07663404941558838 40
1654452150210 0.07647699862718582 41
1654452151003 0.07584518939256668 42
1654452151766 0.07412729412317276 43
1654452152528 0.07181955873966217 44
1654452153264 0.0736306682229042 45
1654452154011 0.07072275876998901 46
1654452154797 0.07017165422439575 47
1654452155553 0.07167696952819824 48
1654452156324 0.0698450356721878 49
1654452157099 0.06905326247215271 50
1654452157843 0.06802793592214584 51
1654452158623 0.06958690285682678 52
1654452159418 0.0692722499370575 53
1654452160182 0.066563181579113 54
1654452160939 0.06733456254005432 55
1654452161685 0.066130630671978 56
1654452162471 0.06440024077892303 57
1654452163267 0.06612797826528549 58
1654452164052 0.06618621200323105 59
1654452164845 0.06333311647176743 60
1654452165611 0.06493294984102249 61
1654452166413 0.06340225785970688 62
1654452167191 0.06559690088033676 63
1654452167959 0.06408680975437164 64
1654452168705 0.06306319683790207 65
1654452169479 0.0625300407409668 66
1654452170213 0.06335827708244324 67
1654452170978 0.06469839066267014 68
1654452171798 0.06307009607553482 69
1654452172580 0.06230651214718819 70
1654452173408 0.06102106720209122 71
1654452174227 0.06359504163265228 72
1654452175027 0.061498012393713 73
1654452175823 0.061263713985681534 74
1654452176594 0.06042720004916191 75
1654452177412 0.061376024037599564 76
1654452178215 0.06062239781022072 77
1654452179007 0.0604032427072525 78
1654452179828 0.05696716532111168 79
1654452180667 0.058984171599149704 80
1654452181450 0.059622205793857574 81
1654452182254 0.06218966841697693 82
1654452183024 0.05999181047081947 83
1654452183813 0.05707196518778801 84
1654452184607 0.058645814657211304 85
1654452185414 0.05927159637212753 86
1654452186196 0.05856624245643616 87
1654452186966 0.057399094104766846 88
1654452187695 0.05700678005814552 89
1654452188428 0.05713177099823952 90
1654452189183 0.05892547592520714 91
1654452189939 0.05615679919719696 92
1654452190703 0.05565584450960159 93
1654452191488 0.056271422654390335 94
1654452192276 0.055045269429683685 95
1654452193045 0.05625014007091522 96
1654452193849 0.057677458971738815 97
1654452194670 0.055718109011650085 98
1654452195477 0.055191975086927414 99
1654452196245 0.052810750901699066 100
1654452196997 0.058517858386039734 101
1654452197779 0.05829678475856781 102
1654452198537 0.05556793883442879 103
1654452199280 0.055067818611860275 104
1654452200050 0.05382128804922104 105
1654452200807 0.055003855377435684 106
1654452201565 0.053572170436382294 107
1654452202326 0.05715053156018257 108
1654452203093 0.05390112102031708 109
1654452203844 0.05137574300169945 110
1654452204603 0.05052055045962334 111
1654452205367 0.05026012286543846 112
1654452206124 0.051210999488830566 113
1654452206869 0.05498611927032471 114
1654452207639 0.054796017706394196 115
1654452208420 0.05194272845983505 116
1654452209151 0.05034617707133293 117
1654452209930 0.05158855766057968 118
1654452210703 0.051505498588085175 119
1654452211451 0.050523791462183 120
1654452212213 0.051253218203783035 121
1654452212984 0.051302820444107056 122
1654452213743 0.05072195827960968 123
1654452214500 0.05253859981894493 124
1654452215266 0.052113886922597885 125
1654452215999 0.05242742598056793 126
1654452216763 0.05048312991857529 127
1654452217519 0.0500236339867115 128
1654452218284 0.051146335899829865 129
1654452219052 0.05299518629908562 130
1654452219839 0.0532861053943634 131
1654452220619 0.05069762468338013 132
1654452221384 0.04946157708764076 133
1654452222183 0.05287720263004303 134
1654452222968 0.05023568868637085 135
1654452223745 0.050210077315568924 136
1654452224524 0.04962603375315666 137
1654452225287 0.048068299889564514 138
1654452226057 0.0482846274971962 139
1654452226828 0.050634440034627914 140
1654452227584 0.04749764874577522 141
1654452228347 0.04733025282621384 142
1654452229101 0.05111822113394737 143
1654452229887 0.050036340951919556 144
1654452230655 0.048677604645490646 145
1654452231431 0.04749467596411705 146
1654452232166 0.05080406740307808 147
1654452232876 0.04854341223835945 148
1654452233605 0.04921180382370949 149
1654452234373 0.05000842362642288 150
1654452235103 0.04635489359498024 151
1654452235877 0.05106285959482193 152
1654452236637 0.047233857214450836 153
1654452237428 0.0460796058177948 154
1654452238175 0.04765590652823448 155
1654452238959 0.04682691767811775 156
1654452239745 0.04584220051765442 157
1654452240505 0.04698251560330391 158
1654452241225 0.04570111632347107 159
1654452241948 0.046650733798742294 160
1654452242705 0.04548945650458336 161
1654452243448 0.04550784081220627 162
1654452244212 0.04662707448005676 163
1654452244997 0.04499885067343712 164
1654452265902 0.05287720263004303 165
