1654452118236 0.25700363516807556 0
1654452119182 0.2429378479719162 1
1654452119944 0.5 2
1654452120693 0.0 3
1654452121489 0.6499999761581421 4
1654452122280 0.6666666865348816 5
1654452123060 0.5520833134651184 6
1654452123828 0.6133720874786377 7
1654452124624 0.7862321734428406 8
1654452125481 0.7594776749610901 9
1654452126292 0.7754706740379333 10
1654452127085 0.7690720558166504 11
1654452127887 0.7288930416107178 12
1654452128695 0.7464997172355652 13
1654452129513 0.720771849155426 14
1654452130330 0.7529411911964417 15
1654452131144 0.7592142820358276 16
1654452131952 0.7913385629653931 17
1654452132758 0.7992289662361145 18
1654452133564 0.7841087579727173 19
1654452134365 0.8080236911773682 20
1654452135152 0.8091670274734497 21
1654452135911 0.8114316463470459 22
1654452136621 0.8175729513168335 23
1654452137367 0.8269184827804565 24
1654452138114 0.8390973806381226 25
1654452138876 0.8307085633277893 26
1654452139587 0.8310042023658752 27
1654452140352 0.8528267741203308 28
1654452141107 0.8429590463638306 29
1654452141846 0.8418443202972412 30
1654452142613 0.843834400177002 31
1654452143367 0.8380260467529297 32
1654452144127 0.8508337736129761 33
1654452144888 0.8344391584396362 34
1654452145624 0.8328922390937805 35
1654452146384 0.8524560928344727 36
1654452147147 0.8551614880561829 37
1654452147916 0.8502262234687805 38
1654452148664 0.8508293628692627 39
1654452149441 0.8490831851959229 40
1654452150210 0.8502029180526733 41
1654452151003 0.8595786094665527 42
1654452151766 0.8437724709510803 43
1654452152528 0.8542355298995972 44
1654452153264 0.8556473255157471 45
1654452154011 0.8563891649246216 46
1654452154797 0.865576446056366 47
1654452155553 0.8571428656578064 48
1654452156324 0.8560436964035034 49
1654452157099 0.8598834276199341 50
1654452157843 0.8744154572486877 51
1654452158623 0.8646105527877808 52
1654452159418 0.8613648414611816 53
1654452160182 0.8691892027854919 54
1654452160939 0.8763965368270874 55
1654452161685 0.8669582009315491 56
1654452162471 0.8800205588340759 57
1654452163267 0.8774697780609131 58
1654452164052 0.8659356236457825 59
1654452164845 0.866491973400116 60
1654452165611 0.8712996244430542 61
1654452166413 0.8790870904922485 62
1654452167191 0.865878701210022 63
1654452167959 0.8802217245101929 64
1654452168705 0.8793333768844604 65
1654452169479 0.8736110329627991 66
1654452170213 0.8678165078163147 67
1654452170978 0.8710991740226746 68
1654452171798 0.8724495768547058 69
1654452172580 0.8745819926261902 70
1654452173408 0.8734375238418579 71
1654452174227 0.8757776021957397 72
1654452175027 0.8769844770431519 73
1654452175823 0.8706427812576294 74
1654452176594 0.8709540367126465 75
1654452177412 0.8749650716781616 76
1654452178215 0.8733114004135132 77
1654452179007 0.8804957866668701 78
1654452179828 0.8785982131958008 79
1654452180667 0.8879198431968689 80
1654452181450 0.8713358044624329 81
1654452182254 0.8699347972869873 82
1654452183024 0.886328935623169 83
1654452183813 0.889738917350769 84
1654452184607 0.8815486431121826 85
1654452185414 0.8637319803237915 86
1654452186196 0.8845276236534119 87
1654452186966 0.8869664072990417 88
1654452187695 0.8836867809295654 89
1654452188428 0.8812339305877686 90
1654452189183 0.8755228519439697 91
1654452189939 0.8833175301551819 92
1654452190703 0.890790581703186 93
1654452191488 0.8837632536888123 94
1654452192276 0.8799088597297668 95
1654452193045 0.8899474740028381 96
1654452193849 0.8873446583747864 97
1654452194670 0.8872557282447815 98
1654452195477 0.8790717124938965 99
1654452196245 0.8959749937057495 100
1654452196997 0.8748233318328857 101
1654452197779 0.8708155155181885 102
1654452198537 0.8905373215675354 103
1654452199280 0.8883907794952393 104
1654452200050 0.8776026368141174 105
1654452200807 0.8892459273338318 106
1654452201565 0.8857042193412781 107
1654452202326 0.8788908123970032 108
1654452203093 0.8824355602264404 109
1654452203844 0.8952750563621521 110
1654452204603 0.8984971046447754 111
1654452205367 0.8933038711547852 112
1654452206124 0.8898236155509949 113
1654452206869 0.891855001449585 114
1654452207639 0.8867912888526917 115
1654452208420 0.8919451236724854 116
1654452209151 0.8989436030387878 117
1654452209930 0.8964782953262329 118
1654452210703 0.8906758427619934 119
1654452211451 0.8941764235496521 120
1654452212213 0.8886332511901855 121
1654452212984 0.8918545246124268 122
1654452213743 0.8985401391983032 123
1654452214500 0.8911037445068359 124
1654452215266 0.8884037137031555 125
1654452215999 0.8954213261604309 126
1654452216763 0.8948426842689514 127
1654452217519 0.8970199227333069 128
1654452218284 0.8962399363517761 129
1654452219052 0.8940334916114807 130
1654452219839 0.8799319863319397 131
1654452220619 0.8906866312026978 132
1654452221384 0.8973850607872009 133
1654452222183 0.8911620378494263 134
1654452222968 0.8924217224121094 135
1654452223745 0.895266056060791 136
1654452224524 0.8892248272895813 137
1654452225287 0.8980361223220825 138
1654452226057 0.90064537525177 139
1654452226828 0.8835737109184265 140
1654452227584 0.9021630883216858 141
1654452228347 0.9066094160079956 142
1654452229101 0.8853631615638733 143
1654452229887 0.8924888372421265 144
1654452230655 0.8989707827568054 145
1654452231431 0.9044196605682373 146
1654452232166 0.8975591659545898 147
1654452232876 0.8956863284111023 148
1654452233605 0.8914799094200134 149
1654452234373 0.8946266770362854 150
1654452235103 0.8987956047058105 151
1654452235877 0.8888750672340393 152
1654452236637 0.9087084531784058 153
1654452237428 0.8985903263092041 154
1654452238175 0.8995642066001892 155
1654452238959 0.8917260766029358 156
1654452239745 0.9047954082489014 157
1654452240505 0.9082542061805725 158
1654452241225 0.9059121012687683 159
1654452241948 0.905512273311615 160
1654452242705 0.9018206000328064 161
1654452243448 0.9056804776191711 162
1654452244212 0.9002489447593689 163
1654452244997 0.9020664691925049 164
1654452265902 0.8911620378494263 165
