1654452118236 0.1701533943414688 0
1654452119182 0.000520587433129549 1
1654452119944 1.8160026229452342e-05 2
1654452120693 0.0 3
1654452121489 7.869344699429348e-05 4
1654452122280 0.00014528020983561873 5
1654452123060 0.0006416542455554008 6
1654452123828 0.0025545102544128895 7
1654452124624 0.061047956347465515 8
1654452125481 0.20348913967609406 9
1654452126292 0.24235160648822784 10
1654452127085 0.3045738935470581 11
1654452127887 0.40648192167282104 12
1654452128695 0.4247327446937561 13
1654452129513 0.5374701619148254 14
1654452130330 0.5439291000366211 15
1654452131144 0.5902916789054871 16
1654452131952 0.5560418367385864 17
1654452132758 0.5835361480712891 18
1654452133564 0.5897831916809082 19
1654452134365 0.5943595170974731 20
1654452135152 0.6112664937973022 21
1654452135911 0.6025738716125488 22
1654452136621 0.6140631437301636 23
1654452137367 0.6312788128852844 24
1654452138114 0.6097955107688904 25
1654452138876 0.6440331935882568 26
1654452139587 0.6475623250007629 27
1654452140352 0.6305161118507385 28
1654452141107 0.6546023488044739 29
1654452141846 0.6433612704277039 30
1654452142613 0.6581375002861023 31
1654452143367 0.655631422996521 32
1654452144127 0.6615878939628601 33
1654452144888 0.671448826789856 34
1654452145624 0.6553105711936951 35
1654452146384 0.6411094665527344 36
1654452147147 0.6811401844024658 37
1654452147916 0.6791546940803528 38
1654452148664 0.6908437013626099 39
1654452149441 0.6926536560058594 40
1654452150210 0.6935979723930359 41
1654452151003 0.6820724010467529 42
1654452151766 0.7035012245178223 43
1654452152528 0.7071211338043213 44
1654452153264 0.7015823721885681 45
1654452154011 0.7143367528915405 46
1654452154797 0.6997421383857727 47
1654452155553 0.7034831047058105 48
1654452156324 0.7139190435409546 49
1654452157099 0.7217278480529785 50
1654452157843 0.7074117064476013 51
1654452158623 0.7052627801895142 52
1654452159418 0.7254688143730164 53
1654452160182 0.7300330400466919 54
1654452160939 0.7170304656028748 55
1654452161685 0.7404447793960571 56
1654452162471 0.7366372346878052 57
1654452163267 0.725844144821167 58
1654452164052 0.7332655191421509 59
1654452164845 0.7505054473876953 60
1654452165611 0.740281343460083 61
1654452166413 0.7405174374580383 62
1654452167191 0.742363691329956 63
1654452167959 0.7315040230751038 64
1654452168705 0.7457656860351562 65
1654452169479 0.7476603984832764 66
1654452170213 0.7507597208023071 67
1654452170978 0.7468553185462952 68
1654452171798 0.7464920878410339 69
1654452172580 0.7552149295806885 70
1654452173408 0.7630721926689148 71
1654452174227 0.7516616582870483 72
1654452175027 0.7607295513153076 73
1654452175823 0.7638348937034607 74
1654452176594 0.7679935693740845 75
1654452177412 0.7587500810623169 76
1654452178215 0.7728846669197083 77
1654452179007 0.7684656977653503 78
1654452179828 0.7833871841430664 79
1654452180667 0.7691134214401245 80
1654452181450 0.7715529203414917 81
1654452182254 0.7650516629219055 82
1654452183024 0.7691679000854492 83
1654452183813 0.7744161486625671 84
1654452184607 0.7790166735649109 85
1654452185414 0.7878303527832031 86
1654452186196 0.7720916867256165 87
1654452186966 0.7810445427894592 88
1654452187695 0.7909841537475586 89
1654452188428 0.7767648696899414 90
1654452189183 0.7805179357528687 91
1654452189939 0.7959418296813965 92
1654452190703 0.7892165780067444 93
1654452191488 0.7876608967781067 94
1654452192276 0.7996827960014343 95
1654452193045 0.7870797514915466 96
1654452193849 0.7776123285293579 97
1654452194670 0.7907359600067139 98
1654452195477 0.7965592741966248 99
1654452196245 0.8000036478042603 100
1654452196997 0.7867467999458313 101
1654452197779 0.79426509141922 102
1654452198537 0.7877576947212219 103
1654452199280 0.7988837361335754 104
1654452200050 0.8024370670318604 105
1654452200807 0.7924127578735352 106
1654452201565 0.8058450818061829 107
1654452202326 0.7848823666572571 108
1654452203093 0.7987687587738037 109
1654452203844 0.8060932755470276 110
1654452204603 0.8055787682533264 111
1654452205367 0.8170800805091858 112
1654452206124 0.815712034702301 113
1654452206869 0.7873037457466125 114
1654452207639 0.7916318774223328 115
1654452208420 0.8116744756698608 116
1654452209151 0.819555938243866 117
1654452209930 0.8054456114768982 118
1654452210703 0.8136357665061951 119
1654452211451 0.8117834329605103 120
1654452212213 0.8113234043121338 121
1654452212984 0.8161539435386658 122
1654452213743 0.8204336762428284 123
1654452214500 0.8101913928985596 124
1654452215266 0.8141200542449951 125
1654452215999 0.8043983578681946 126
1654452216763 0.8134662508964539 127
1654452217519 0.8146527409553528 128
1654452218284 0.8166624307632446 129
1654452219052 0.7965653538703918 130
1654452219839 0.8082422018051147 131
1654452220619 0.8177701830863953 132
1654452221384 0.8224373459815979 133
1654452222183 0.800021767616272 134
1654452222968 0.8139989376068115 135
1654452223745 0.8154336214065552 136
1654452224524 0.8296589255332947 137
1654452225287 0.827915608882904 138
1654452226057 0.8203004598617554 139
1654452226828 0.8203428387641907 140
1654452227584 0.8336480855941772 141
1654452228347 0.8255184888839722 142
1654452229101 0.8176309466362 143
1654452229887 0.8193925023078918 144
1654452230655 0.8216322064399719 145
1654452231431 0.8272255063056946 146
1654452232166 0.8102579712867737 147
1654452232876 0.8306940793991089 148
1654452233605 0.819907009601593 149
1654452234373 0.8151490688323975 150
1654452235103 0.8397801518440247 151
1654452235877 0.8228005170822144 152
1654452236637 0.8224736452102661 153
1654452237428 0.8365476727485657 154
1654452238175 0.825893759727478 155
1654452238959 0.843884289264679 156
1654452239745 0.8329640626907349 157
1654452240505 0.8237448334693909 158
1654452241225 0.8398104310035706 159
1654452241948 0.8261419534683228 160
1654452242705 0.8368745446205139 161
1654452243448 0.8395682573318481 162
1654452244212 0.8318684101104736 163
1654452244997 0.8389810919761658 164
1654452265902 0.800021767616272 165
