1654452118236 367171.0 0
1654452119182 448166.0 1
1654452119944 448431.0 2
1654452120693 448434.0 3
1654452121489 448427.0 4
1654452122280 448422.0 5
1654452123060 448348.0 6
1654452123828 448168.0 7
1654452124624 445692.0 8
1654452125481 437788.0 9
1654452126292 436842.0 10
1654452127085 433326.0 11
1654452127887 423458.0 12
1654452128695 424607.0 13
1654452129513 414037.0 14
1654452130330 418950.0 15
1654452131144 417507.0 16
1654452131952 424213.0 17
1654452132758 424218.0 18
1654452133564 421608.0 19
1654452134365 425106.0 20
1654452135152 424619.0 21
1654452135911 425301.0 22
1654452136621 425799.0 23
1654452137367 426606.0 24
1654452138114 429117.0 25
1654452138876 426752.0 26
1654452139587 426679.0 27
1654452140352 430459.0 28
1654452141107 428288.0 29
1654452141846 428467.0 30
1654452142613 428313.0 31
1654452143367 427500.0 32
1654452144127 429273.0 33
1654452144888 426426.0 34
1654452145624 426714.0 35
1654452146384 430103.0 36
1654452147147 429376.0 37
1654452147916 428670.0 38
1654452148664 428425.0 39
1654452149441 428096.0 40
1654452150210 428246.0 41
1654452151003 430027.0 42
1654452151766 426916.0 43
1654452152528 428501.0 44
1654452153264 428881.0 45
1654452154011 428645.0 46
1654452154797 430482.0 47
1654452155553 429065.0 48
1654452156324 428601.0 49
1654452157099 429006.0 50
1654452157843 431650.0 51
1654452158623 430190.0 52
1654452159418 429145.0 53
1654452160182 430284.0 54
1654452160939 431728.0 55
1654452161685 429663.0 56
1654452162471 431843.0 57
1654452163267 431690.0 58
1654452164052 429680.0 59
1654452164845 429331.0 60
1654452165611 430370.0 61
1654452166413 431608.0 62
1654452167191 429438.0 63
1654452167959 431990.0 64
1654452168705 431528.0 65
1654452169479 430565.0 66
1654452170213 429543.0 67
1654452170978 430177.0 68
1654452171798 430405.0 69
1654452172580 430543.0 70
1654452173408 430168.0 71
1654452174227 430821.0 72
1654452175027 430806.0 73
1654452175823 429686.0 74
1654452176594 429636.0 75
1654452177412 430522.0 76
1654452178215 429912.0 77
1654452179007 431204.0 78
1654452179828 430552.0 79
1654452180667 432396.0 80
1654452181450 429613.0 81
1654452182254 429538.0 82
1654452183024 432138.0 83
1654452183813 432580.0 84
1654452184607 431142.0 85
1654452185414 427901.0 86
1654452186196 431783.0 87
1654452186966 431991.0 88
1654452187695 431235.0 89
1654452188428 431140.0 90
1654452189183 430102.0 91
1654452189939 431065.0 92
1654452190703 432450.0 93
1654452191488 431320.0 94
1654452192276 430404.0 95
1654452193045 432355.0 96
1654452193849 432125.0 97
1654452194670 431835.0 98
1654452195477 430332.0 99
1654452196245 433090.0 100
1654452196997 429837.0 101
1654452197779 428969.0 102
1654452198537 432438.0 103
1654452199280 431854.0 104
1654452200050 429946.0 105
1654452200807 432130.0 106
1654452201565 431255.0 107
1654452202326 430567.0 108
1654452203093 430854.0 109
1654452203844 432857.0 110
1654452204603 433400.0 111
1654452205367 432312.0 112
1654452206124 431749.0 113
1654452206869 432663.0 114
1654452207639 431739.0 115
1654452208420 432190.0 116
1654452209151 433214.0 117
1654452209930 433069.0 118
1654452210703 431936.0 119
1654452211451 432563.0 120
1654452212213 431637.0 121
1654452212984 432085.0 122
1654452213743 433130.0 123
1654452214500 432078.0 124
1654452215266 431540.0 125
1654452215999 432914.0 126
1654452216763 432642.0 127
1654452217519 432984.0 128
1654452218284 432815.0 129
1654452219052 432837.0 130
1654452219839 430215.0 131
1654452220619 431854.0 132
1654452221384 432898.0 133
1654452222183 432293.0 134
1654452222968 432224.0 135
1654452223745 432675.0 136
1654452224524 431360.0 137
1654452225287 432905.0 138
1654452226057 433485.0 139
1654452226828 430577.0 140
1654452227584 433499.0 141
1654452228347 434386.0 142
1654452229101 430945.0 143
1654452229887 432128.0 144
1654452230655 433180.0 145
1654452231431 433992.0 146
1654452232166 433157.0 147
1654452232876 432452.0 148
1654452233605 431946.0 149
1654452234373 432573.0 150
1654452235103 432813.0 151
1654452235877 431441.0 152
1654452236637 434784.0 153
1654452237428 432838.0 154
1654452238175 433201.0 155
1654452238959 431507.0 156
1654452239745 433955.0 157
1654452240505 434688.0 158
1654452241225 434025.0 159
1654452241948 434193.0 160
1654452242705 433383.0 161
1654452243448 433990.0 162
1654452244212 433207.0 163
1654452244997 433387.0 164
1654452265902 432293.0 165
