1654452118236 28109.0 0
1654452119182 86.0 1
1654452119944 3.0 2
1654452120693 0.0 3
1654452121489 13.0 4
1654452122280 24.0 5
1654452123060 106.0 6
1654452123828 422.0 7
1654452124624 10085.0 8
1654452125481 33616.0 9
1654452126292 40036.0 10
1654452127085 50315.0 11
1654452127887 67150.0 12
1654452128695 70165.0 13
1654452129513 88789.0 14
1654452130330 89856.0 15
1654452131144 97515.0 16
1654452131952 91857.0 17
1654452132758 96399.0 18
1654452133564 97431.0 19
1654452134365 98187.0 20
1654452135152 100980.0 21
1654452135911 99544.0 22
1654452136621 101442.0 23
1654452137367 104286.0 24
1654452138114 100737.0 25
1654452138876 106393.0 26
1654452139587 106976.0 27
1654452140352 104160.0 28
1654452141107 108139.0 29
1654452141846 106282.0 30
1654452142613 108723.0 31
1654452143367 108309.0 32
1654452144127 109293.0 33
1654452144888 110922.0 34
1654452145624 108256.0 35
1654452146384 105910.0 36
1654452147147 112523.0 37
1654452147916 112195.0 38
1654452148664 114126.0 39
1654452149441 114425.0 40
1654452150210 114581.0 41
1654452151003 112677.0 42
1654452151766 116217.0 43
1654452152528 116815.0 44
1654452153264 115900.0 45
1654452154011 118007.0 46
1654452154797 115596.0 47
1654452155553 116214.0 48
1654452156324 117938.0 49
1654452157099 119228.0 50
1654452157843 116863.0 51
1654452158623 116508.0 52
1654452159418 119846.0 53
1654452160182 120600.0 54
1654452160939 118452.0 55
1654452161685 122320.0 56
1654452162471 121691.0 57
1654452163267 119908.0 58
1654452164052 121134.0 59
1654452164845 123982.0 60
1654452165611 122293.0 61
1654452166413 122332.0 62
1654452167191 122637.0 63
1654452167959 120843.0 64
1654452168705 123199.0 65
1654452169479 123512.0 66
1654452170213 124024.0 67
1654452170978 123379.0 68
1654452171798 123319.0 69
1654452172580 124760.0 70
1654452173408 126058.0 71
1654452174227 124173.0 72
1654452175027 125671.0 73
1654452175823 126184.0 74
1654452176594 126871.0 75
1654452177412 125344.0 76
1654452178215 127679.0 77
1654452179007 126949.0 78
1654452179828 129414.0 79
1654452180667 127056.0 80
1654452181450 127459.0 81
1654452182254 126385.0 82
1654452183024 127065.0 83
1654452183813 127932.0 84
1654452184607 128692.0 85
1654452185414 130148.0 86
1654452186196 127548.0 87
1654452186966 129027.0 88
1654452187695 130669.0 89
1654452188428 128320.0 90
1654452189183 128940.0 91
1654452189939 131488.0 92
1654452190703 130377.0 93
1654452191488 130120.0 94
1654452192276 132106.0 95
1654452193045 130024.0 96
1654452193849 128460.0 97
1654452194670 130628.0 98
1654452195477 131590.0 99
1654452196245 132159.0 100
1654452196997 129969.0 101
1654452197779 131211.0 102
1654452198537 130136.0 103
1654452199280 131974.0 104
1654452200050 132561.0 105
1654452200807 130905.0 106
1654452201565 133124.0 107
1654452202326 129661.0 108
1654452203093 131955.0 109
1654452203844 133165.0 110
1654452204603 133080.0 111
1654452205367 134980.0 112
1654452206124 134754.0 113
1654452206869 130061.0 114
1654452207639 130776.0 115
1654452208420 134087.0 116
1654452209151 135389.0 117
1654452209930 133058.0 118
1654452210703 134411.0 119
1654452211451 134105.0 120
1654452212213 134029.0 121
1654452212984 134827.0 122
1654452213743 135534.0 123
1654452214500 133842.0 124
1654452215266 134491.0 125
1654452215999 132885.0 126
1654452216763 134383.0 127
1654452217519 134579.0 128
1654452218284 134911.0 129
1654452219052 131591.0 130
1654452219839 133520.0 131
1654452220619 135094.0 132
1654452221384 135865.0 133
1654452222183 132162.0 134
1654452222968 134471.0 135
1654452223745 134708.0 136
1654452224524 137058.0 137
1654452225287 136770.0 138
1654452226057 135512.0 139
1654452226828 135519.0 140
1654452227584 137717.0 141
1654452228347 136374.0 142
1654452229101 135071.0 143
1654452229887 135362.0 144
1654452230655 135732.0 145
1654452231431 136656.0 146
1654452232166 133853.0 147
1654452232876 137229.0 148
1654452233605 135447.0 149
1654452234373 134661.0 150
1654452235103 138730.0 151
1654452235877 135925.0 152
1654452236637 135871.0 153
1654452237428 138196.0 154
1654452238175 136436.0 155
1654452238959 139408.0 156
1654452239745 137604.0 157
1654452240505 136081.0 158
1654452241225 138735.0 159
1654452241948 136477.0 160
1654452242705 138250.0 161
1654452243448 138695.0 162
1654452244212 137423.0 163
1654452244997 138598.0 164
1654452265902 132162.0 165
